StateCode Division YearMonth     PCP    TAVG    PDSI    PHDI    ZNDX    PMDI     CDD     HDD    SP01    SP02    SP03    SP06    SP09    SP12    SP24    TMIN    TMAX 
       11       00    199001    2.05    36.4   -1.86   -1.86    -.39   -1.86       0     971     .18    -.93   -1.28    -.75    -.93    -.92   -1.91    27.2    45.5 
       11       00    199002    4.02    35.5    1.09    -.59    3.26    1.03       0     917    1.92    1.18     .29     -.3    -.43    -.57   -1.65    26.5    44.6 
       11       00    199003    3.35    44.6     .93    -.57    -.13     .91       2     711      .3    1.37    1.05    -.65    -.15    -.57   -1.51    35.3      54 
       11       00    199004    2.85    50.8     .56    -.79    -.83     .28       0     461    -.52    -.24     .69    -.52    -.31    -.62   -1.38    39.8    61.8 
       11       00    199005    7.91      59    2.06    2.06    4.67    2.06      28     279    1.87    1.11    1.02     .98     .47     .21    -.59    49.2    68.6 
       11       00    199006    6.44    71.9     2.8     2.8    2.85     2.8     183      25    1.36     2.1    1.49    1.72     .65      .8     .06    61.3    82.6 
       11       00    199007    4.11    74.2    2.83    2.83     .98    2.83     239       8     .35    1.14    1.98    1.89     .96     .86     .23    64.1    84.4 
       11       00    199008    3.81    72.4    2.92    2.92    1.15    2.92     212      17     .34     .44     1.1    1.54    1.38      .9     .41      62    82.9 
       11       00    199009    1.84    67.9    2.13    2.13   -1.49    1.45      99      59   -1.01    -.49    -.25       1    1.34      .4     .41    56.8      79 
       11       00    199010    4.18    52.8    2.57    2.57    1.99    2.57       2     424     .92    -.01     .08    1.55    1.59     .86     .64    40.2    65.3 
       11       00    199011    4.08    46.8    2.93    2.93    1.88    2.93       0     605     .97    1.26     .43     .97    1.38    1.36      .5    36.1    57.5 
       11       00    199012     5.3    30.4    4.03    4.03     4.2    4.03       0    1131    1.98    1.78    1.91    1.19    1.87    2.02     .88    21.4    39.4 
       11       00    199101     1.6    23.3    -.05    3.56    -.16    3.44       0    1371    -.21    1.27    1.41     .96    2.04    1.93     .86    16.3    30.3 
       11       00    199102     .96    34.2    -.44    2.81   -1.17    2.17       0     943   -1.12    -.95     .76     .67    1.14     1.5     .72    25.7    42.8 
       11       00    199103    3.98    43.9    -.13    2.78      .8    2.41       2     743     .72     .04     -.2    1.51      .9    1.74     .79    33.9    53.9 
       11       00    199104    3.38      56    -.43    2.18    -.95     1.4       4     350    -.13     .31    -.12     .97     .75    1.79      .8    45.2    66.8 
       11       00    199105    4.99    68.6    -.38    1.96     .02    1.16     150      90     .53     .25     .48     .76      .8    1.13     .94    58.5    78.6 
       11       00    199106    1.62    75.1   -1.44     .66   -3.31   -1.33     270       9   -1.94    -.66    -.62    -.66     .59     .32     .79    63.9    86.2 
       11       00    199107    2.06    76.3   -2.17   -2.17   -2.64   -2.17     322       0   -1.28   -2.05   -1.12    -.95    -.08    -.07     .58    64.9    87.6 
       11       00    199108     2.7    74.7   -2.59   -2.59   -1.93   -2.59     277       8    -.58   -1.43   -2.05    -.93    -.53    -.27     .47    62.9    86.4 
       11       00    199109    3.13    66.4   -2.61   -2.61    -.86   -2.61      70      87    -.02    -.39   -1.11   -1.21   -1.23    -.01     .32    54.5    78.2 
       11       00    199110    5.96    55.6   -1.37   -1.37    2.92    -.06       9     364    1.77    1.15     .75    -.37    -.39      .3     .89    44.2      67 
       11       00    199111    3.65    37.3    -.78    -.78    1.33    1.04       0     887      .7    1.76    1.26    -.34    -.01     .24    1.08    28.9    45.7 
       11       00    199112    2.09    33.5    -.58    -.58     .37    1.27       0    1058    -.07     .41    1.37     .22    -.24     -.3    1.36    25.4    41.6 
       11       00    199201    1.18      31    -.75    -.75     -.7     .73       0    1129    -.68    -.67     -.1     .39    -.39    -.38    1.22    23.9    38.2 
       11       00    199202    1.46    37.2     -.9     -.9    -.67      .3       0     857    -.39    -.87    -.91     .53    -.69    -.33     .89    29.1    45.2 
       11       00    199203    2.54    42.7   -1.13   -1.13    -.97    -.25       1     781    -.31    -.58    -.95     .54    -.31    -.64     .74    32.7    52.6 
       11       00    199204    2.93      51   -1.27   -1.27    -.76    -.58       1     523    -.46    -.62    -.79     -.7    -.07    -.71     .73    40.1    61.9 
       11       00    199205    1.28    61.2    -2.1    -2.1   -2.89    -2.1      47     220   -2.09   -1.67   -1.53   -1.85    -.51   -1.32    -.08    48.9    73.4 
       11       00    199206    1.72    68.8   -2.75   -2.75    -2.6   -2.75     116      59   -1.83   -2.37   -2.08   -2.19    -.98   -1.32    -.69    56.8    80.8 
       11       00    199207    7.61    73.2     1.5    -.97     4.5     .97     189      18     2.3     .66    -.47    -.82    -.79    -.34    -.27    63.8    82.6 
       11       00    199208     1.9    68.4     .99   -1.23   -1.07     .21     116      59   -1.37     1.2    -.01    -1.1   -1.33    -.49    -.49    57.2    79.6 
       11       00    199209    4.69    64.3    1.54    1.54    1.97    1.54      46     118     .82    -.01    1.26    -.65   -1.02     -.2    -.07      53    75.5 
       11       00    199210    1.31    53.5       1       1   -1.16     .32       3     419    -1.1    -.02    -.66    -.84   -1.11   -1.08    -.49    41.2    65.8 
       11       00    199211    6.51    40.6    2.37    2.37    4.43    2.37       0     787    2.23    1.08    1.19      .8     -.2    -.53    -.08    34.7    46.5 
       11       00    199212    2.68    30.7     2.5     2.5    1.11     2.5       0    1128     .42    1.72     .99    1.55    -.04    -.36    -.52    23.2    38.1 
       11       00    199301    3.67    27.8    3.07    3.07    2.49    3.07       0    1213    1.16    1.03    2.02     .94      .4     .09    -.23    20.5    35.1 
       11       00    199302    1.78      27     2.8     2.8     .15     2.8       0    1113    -.01      .9     .88    1.46    1.04     .11    -.12    18.8    35.3 
       11       00    199303    3.05    36.8    2.64    2.64     .36    2.64       0     940     .08    -.03     .68    1.18    1.75     .16     -.3    28.8    44.9 
       11       00    199304    5.13    49.2    3.06    3.06     2.1    3.06       0     546     .95     .68     .58    2.07    1.11      .6    -.09    39.2    59.2 
       11       00    199305    3.29    63.2    2.42    2.42    -.99    1.95      72     173    -.46     .27     .19      .6    1.16     .91    -.24    52.2    74.3 
       11       00    199306    6.85    70.5    3.33    3.33    3.49    3.33     143      43    1.55     .71     .97    1.09    1.43    1.78     .39    60.1    80.9 
       11       00    199307    6.61    76.6    4.23    4.23    3.73    4.23     302       0    1.81    2.18    1.46    1.41    2.39    1.65     .94    67.6    85.5 
       11       00    199308    5.05    74.9    4.69    4.69    2.68    4.69     266       9    1.21    2.11    2.41    1.97       2    2.32    1.25      65    84.7 
       11       00    199309    7.54    61.6    6.37    6.37     6.5    6.37      23     179    1.94    2.05    2.53    2.72    2.57    2.82     1.7      52    71.2 
       11       00    199310    2.46    51.8    6.06    6.06    1.04    6.06       1     449    -.13    1.44    1.73    2.44    2.22    3.09    1.38    40.2    63.2 
       11       00    199311    4.22    39.6    6.55    6.55    3.33    6.55       0     799    1.05      .6    1.68    2.95    2.44    2.58    1.35    31.5    47.8 
       11       00    199312    1.53    31.4    -.08     5.8    -.24    5.65       0    1113    -.64     .42     .18    2.25    2.28    2.21    1.48      25    37.8 
       11       00    199401    1.87    19.9     .06    5.26     .18    5.13       0    1503     .04    -.58     .18    1.48    2.07    1.91    1.54    12.2    27.6 
       11       00    199402     1.7    27.1     .06    4.73     .03    4.55       0    1176     -.1    -.16    -.69    1.07    2.55       2    1.55    18.1    36.2 
       11       00    199403    1.31    41.1    -.81    3.44   -2.42    2.33       0     818    -1.5   -1.32   -1.13    -.67    1.52    1.85    1.43    30.4    51.8 
       11       00    199404    6.14    53.2     .91    3.99    2.74    3.83       1     407    1.48     .35     .24     .19    1.36    1.98    1.85    41.3      65 
       11       00    199405    2.15    60.6    -.62    2.97   -1.85    2.06      44     224   -1.29     .22    -.45     -.8     .52    1.59    1.71      48    73.1 
       11       00    199406    4.16    73.8    -.65    2.57    -.28    1.53     221      16     .12    -.78     .15    -.46    -.37    1.16    2.07    62.3    85.3 
       11       00    199407    2.73    73.8    -.93    1.95   -1.06     .53     241       7    -.67    -.39    -.99    -.66    -.52     .47    1.54    63.2    84.5 
       11       00    199408    3.58    70.6    -.73    1.85     .31     .55     154      36     .16    -.44     -.3    -.62    -.83     .23    1.72    59.2    81.9 
       11       00    199409    2.38    65.3   -1.03    1.29   -1.12    -.34      77      75    -.54    -.32    -.72     -.4    -.86    -.74    1.42    53.7    76.8 
       11       00    199410    2.03    56.4   -1.39     .69   -1.38   -1.26      12     326    -.46    -.79    -.62   -1.19    -.95    -.81    1.53    45.1    67.6 
       11       00    199411    5.54    46.2     .58     1.2    1.73    -.16       0     629    1.76     .98     .38    -.02     -.3    -.55    1.34    37.1    55.4 
       11       00    199412    1.92    35.9     .38     .94     -.4    -.45       0     968    -.23    1.12     .65    -.14    -.04    -.42    1.44    28.3    43.4 
       11       00    199501    3.17    25.8     .96    1.46    1.85     .57       0    1293      .9     .42    1.29     .36    -.34    -.18    1.35    18.9    32.6 
       11       00    199502       1    29.8     .53     .98      -1     -.1       0    1065   -1.05     .22    -.14     .12    -.15    -.34    1.24    20.3    39.2 
       11       00    199503    2.46    43.3     .09     .09   -1.15    -.72       1     757    -.38    -.97    -.16      .3     -.3    -.19    1.16    32.8    53.8 
       11       00    199504    4.47    50.1     .48     .48    1.19     .48       1     546     .57     .11     -.3     .74     .15    -.47    1.03    38.7    61.5 
       11       00    199505    8.89    60.1    2.29    2.29    5.58    2.29      37     246    2.25    1.93    1.52     1.2    1.11     .74     1.6    50.3    69.8 
       11       00    199506    3.53    72.3    -.21    1.84    -.63     1.5     214      15     -.3    1.49    1.41    1.03    1.18     .64    1.27    61.2    83.3 
       11       00    199507    2.97    76.4     -.5    1.34    -.93     .53     335       0    -.48    -.57    1.04     .59    1.18     .66     .83    65.7    87.1 
       11       00    199508    4.18    78.8    -.47    1.19    -.05     .33     404       0     .62     .03    -.22       1     .76     .81     .74    68.7      89 
       11       00    199509    1.28    63.3   -1.16   -1.16   -2.22   -1.16      41     126   -1.64    -.59    -.84     .61     .45     .65     .02    51.2    75.4 
       11       00    199510    3.02    55.4   -1.11   -1.11    -.23   -1.11       9     360     .25    -.85    -.42     .45     .24      .8      .1    42.8      68 
       11       00    199511    2.53    35.6   -1.22   -1.22    -.65   -1.22       0     958    -.06     .06     -.8    -.74     .36     .25    -.09    26.1    45.2 
       11       00    199512    1.41    28.2   -1.63   -1.63   -1.62   -1.63       0    1210    -.79    -.51    -.33    -.87     .28     .21    -.18    19.9    36.6 
       11       00    199601    2.32    24.4   -1.37   -1.37     .27   -1.16       0    1316     .38    -.36    -.37    -.66     .15     .04    -.12    15.6    33.1 
       11       00    199602      .8    30.4   -1.67   -1.67    -1.3   -1.67       0    1059    -1.4    -.48   -1.03   -1.21   -1.05    -.03    -.24    20.6    40.2 
       11       00    199603    2.09    34.5   -1.74   -1.74    -.72   -1.74       0    1020     -.7   -1.42    -.93    -.98   -1.23    -.15     -.2      24    44.9 
       11       00    199604    5.03    48.6     .69    -.87    2.06     .22       0     556      .9      .2    -.31     -.6    -.78    -.02    -.33    36.6    60.5 
       11       00    199605    7.74    61.6    1.98    1.98     4.1    1.98      39     264     1.8    1.75    1.24     .55    -.06     -.2     .39    51.8    71.4 
       11       00    199606    4.24    71.5    1.89    1.89     .32    1.89     165      31     .17    1.35    1.44     .74     .41    -.07      .4    61.4    81.5 
       11       00    199607    4.35    72.6    2.17    2.17    1.44    2.17     195      14     .51     .35    1.33     .82     .45     .14     .59    61.6    83.6 
       11       00    199608    2.02    73.5    1.48    1.48    -1.4     .78     236      13   -1.24    -.41    -.25     .72      .2    -.24     .42    62.6    84.4 
       11       00    199609    2.94    64.2    1.28    1.28    -.15     .48      55     103    -.15     -.9    -.44     .85     .36     .09     .55    52.9    75.6 
       11       00    199610     2.4    54.8     .98     .98    -.49    -.05       8     378    -.17    -.32    -.88     .41      .2    -.05     .62    42.9    66.7 
       11       00    199611    3.19    34.9    1.08    1.08     .61      .3       0     966     .41     .08    -.13    -.34     .49     .09     .34    27.5    42.4 
       11       00    199612     1.7    30.5     .81     .81     -.5    -.17       0    1159    -.45     .01    -.19    -.56     .54     .19     .27    22.9    38.1 
       11       00    199701    2.49    21.4    1.05    1.05     .98     .42       0    1431     .49    -.08     .09    -.66     .34     .21     .17    12.2    30.5 
       11       00    199702     3.9    33.6    2.01    2.01    3.21    2.01       0     976    1.83    1.32     .86     .28       0     .73     .55    26.7    40.4 
       11       00    199703       3    42.9    -.13    1.68    -.38    1.43       1     782     .05    1.13    1.04     .48    -.02     .91     .56    32.4    53.4 
       11       00    199704    2.26    47.6    -.48    1.14    -1.1     .33       0     578      -1    -.73     .25     .12    -.48     .39     .25    36.2    59.1 
       11       00    199705    4.03    57.6    -.22    1.23     .63     .67      19     328       0    -.62    -.56    -.01    -.13    -.26     -.3    46.1      69 
       11       00    199706    3.76    70.6    -.23    1.07    -.11     .42     160      31    -.14    -.17     -.6     .07    -.11    -.35     -.3    60.6    80.6 
       11       00    199707    2.21    75.1    -.73    -.73   -1.56    -.73     273       5   -1.13    -.83    -.67    -.42    -.37    -.74    -.41      64    86.2 
       11       00    199708    4.76      71    -.05    -.05    1.82     .61     166      31    1.02    -.07     -.2    -.63    -.21    -.28    -.32    60.8    81.2 
       11       00    199709    2.38    66.3     -.4     -.4   -1.08     -.4      75      82    -.54     .23    -.42    -.83    -.23    -.38    -.13    54.6      78 
       11       00    199710    1.94    54.9    -.75    -.75   -1.16    -.75       8     370    -.53    -.84    -.19     -.7    -.51    -.47    -.28    43.3    66.4 
       11       00    199711    2.46    38.6    -.97    -.97    -.89    -.97       0     844    -.12    -.56    -.83    -.74    -.95    -.59    -.24    31.4    45.8 
       11       00    199712    1.91      32   -1.23   -1.23   -1.09   -1.23       0    1063    -.24    -.27    -.62     -.8      -1     -.5    -.25    26.3    37.8 
       11       00    199801    2.74    31.8     .31    -.79     .94    -.13       0    1110     .65     .18    -.02    -.28    -.63    -.45    -.19    25.3    38.4 
       11       00    199802    2.53      40      .5      .5     .66      .5       0     736     .75     .81     .42    -.48    -.53    -.73     .04    33.2    46.9 
       11       00    199803    4.58    40.6    1.12    1.12       2    1.12       0     807    1.08    1.24    1.21     .32    -.14     -.5      .3    32.9    48.4 
       11       00    199804    4.93    52.6    1.46    1.46    1.39    1.46       1     430     .84    1.24    1.38     .92     .54     .01     .27    42.5    62.7 
       11       00    199805    4.78    67.4    1.31    1.31    -.01    1.22     131     106     .42     .75    1.08    1.09     .38     .16    -.05      57    77.8 
       11       00    199806    7.64    71.8     2.6     2.6    4.27     2.6     176      28    1.91    1.49    1.53    1.84    1.28     .84     .35      62    81.5 
       11       00    199807    3.47    75.4    2.34    2.34     .04     2.3     283       0    -.09    1.35     1.2    1.71    1.41    1.05     .22    65.8      85 
       11       00    199808     3.3    74.8    2.09    2.09    -.03    1.97     278       8    -.06    -.18    1.12     1.6    1.49     .83     .41    64.7    84.9 
       11       00    199809    2.28    70.9    1.32    1.32   -1.68     .41     150      29    -.62    -.53    -.55     .87    1.32     .86     .39      59    82.8 
       11       00    199810    4.23    56.6    1.63    1.63    1.34    1.25      13     322     .95     .19     .07      .9    1.44    1.26     .64    45.4    67.7 
       11       00    199811    2.45    45.6    1.28    1.28    -.55     .63       0     626    -.12      .6     .03     .71    1.21    1.24     .55    36.2      55 
       11       00    199812    1.56    35.1     .84     .84    -.92    -.19       0     960    -.61    -.47     .19    -.38     .74    1.17     .52    26.1    44.1 
       11       00    199901    4.21    25.1    1.81    1.81    3.19    1.81       0    1343    1.41     .76     .41      .2     .92    1.38     .72    16.8    33.3 
       11       00    199902    2.42    37.4    1.87    1.87     .74    1.87       0     840     .65    1.42     .91     .44     .96     1.4     .53    29.1    45.8 
       11       00    199903    1.72    38.3    1.16    1.16   -1.56     .35       0     893   -1.05    -.48     .62     .45    -.11      .9      .3      28    48.4 
       11       00    199904    5.53    54.3    1.66    1.66    1.85    1.66       3     397    1.17     .26     .46     .53     .42    1.02     .72    44.5    64.1 
       11       00    199905    3.68    64.1    1.25    1.25    -.71     .82      86     152    -.21     .56     .01     .47     .34     .76     .66    52.8    75.3 
       11       00    199906    5.28    72.2     1.6     1.6    1.42     1.6     201      19     .77     .28     .75     .88      .8     .37     .85    62.1    82.4 
       11       00    199907    2.93    78.6    -.35    1.08   -1.05     .47     398       0    -.51     .19    -.06     .16      .3     .24     .94      68    89.2 
       11       00    199908    2.79    71.7    -.51     .77    -.59    -.18     186      24     -.5     -.8     -.1    -.17     .22     .17     .72    60.2    83.3 
       11       00    199909    2.18    65.2    -.88    -.88   -1.27    -.88      58     102    -.71    -.89    -1.1    -.09     .19     .18     .74    50.6    79.7 
       11       00    199910    1.69    54.5   -1.29   -1.29    -1.5   -1.29       7     389    -.74   -1.09   -1.19    -.83    -.51    -.32     .74    41.2    67.8 
       11       00    199911     .53    48.4   -2.56   -2.56    -4.2   -2.56       1     564   -2.02   -2.12   -1.97   -1.27   -1.05    -.66      .5    36.1    60.7 
       11       00    199912    2.75    32.6   -2.77   -2.77   -1.42   -2.77       0    1091     .47    -.93   -1.29   -1.53    -.68    -.38      .6      24    41.2 
       11       00    200001    1.53    27.3   -2.94   -2.94   -1.38   -2.94       0    1251    -.28    -.03   -1.02   -1.48   -1.17    -.89     .42    18.6      36 
       11       00    200002    2.53    37.4    -2.6    -2.6     .11    -2.5       0     863     .75     .15     .24   -1.26   -1.02    -.89     .43    28.4    46.4 
       11       00    200003    2.03    46.2   -3.04   -3.04    -2.1   -3.04       3     626    -.75     -.2    -.43   -1.36   -1.58    -.87     .02    34.8    57.5 
       11       00    200004    2.99    51.5   -2.98   -2.98    -.76   -2.98       0     473    -.42    -.86    -.48   -1.15   -1.67   -1.33    -.23    39.3    63.7 
       11       00    200005     4.4    65.1    -.02   -2.69    -.07   -2.66      93     145     .21    -.15    -.52    -.34   -1.37   -1.13    -.22    54.3    75.8 
       11       00    200006    7.34    70.3    1.38   -1.03    4.14     .78     146      40    1.77    1.27     .82     .41    -.32    -.77    -.28    60.1    80.4 
       11       00    200007    4.36    73.2    1.71    1.71    1.41    1.71     218       9     .52    1.56    1.26     .67     .02    -.53    -.19    63.4    82.9 
       11       00    200008    3.56    74.6    1.75    1.75     .66    1.75     251      11     .15     .44     1.4     .52     .52    -.41    -.13    64.2      85 
       11       00    200009    3.81    66.3    1.91    1.91    1.01    1.91      80      75     .37     .33     .49     .88     .57     -.1     .12      54    78.6 
       11       00    200010     2.1      58    1.48    1.48    -.69    1.09      18     277     -.4    -.06    -.05     .87     .51    -.04    -.16    46.3    69.6 
       11       00    200011    3.18    38.9    1.66    1.66     .99    1.66       0     822      .4    -.07     .08     .94     .45     .47    -.01    30.7    47.1 
       11       00    200012    1.94    17.6    1.57    1.57     .24    1.57       0    1528    -.21     .12    -.22     .06     .55     .36    -.03     9.3    25.9 
       11       00    200101    1.72    25.7    1.41    1.41    -.01    1.32       0    1274    -.09     -.4    -.13    -.25     .61     .38    -.37      18    33.3 
       11       00    200102    3.19    30.9       2       2    2.23       2       0    1050    1.31     .63     .26     .09     .88     .47    -.26    22.2    39.6 
       11       00    200103    1.22    37.1     -.7    1.09   -2.11     .05       0     928    -1.6     -.3    -.41    -.59    -.24     .29    -.38    27.4    46.8 
       11       00    200104    2.84    57.6   -1.24   -1.24   -1.84   -1.24      11     317    -.53   -1.41    -.63    -.63    -.56     .28    -.71    45.5    69.8 
       11       00    200105    4.35    64.8    -.03   -1.14    -.08    -1.1      87     153     .19    -.23    -.89    -.63    -.48     .27    -.57    53.6    75.9 
       11       00    200106    3.81    69.8     .02      -1     .07    -.83     141      41    -.11    -.03     -.3    -.51    -.63    -.35    -.79    59.3    80.4 
       11       00    200107    3.78    75.9     .12     -.8     .31    -.34     310       0     .13    -.08    -.04    -.41    -.47    -.47    -.69    65.3    86.6 
       11       00    200108    4.07    74.6     .37     .37     .79     .37     273       8     .53      .4     .15    -.62    -.46    -.39    -.52    63.7    85.6 
       11       00    200109    3.37    64.4     .49     .49     .45     .49      49     115     .12     .36     .31    -.13    -.33    -.48    -.33    52.5    76.4 
       11       00    200110    6.08    53.8    1.82    1.82    4.15    1.82       6     395    1.82    1.27    1.29     .84     .43     .26     .27    43.1    64.6 
       11       00    200111    2.62    49.9    1.81    1.81     .55    1.81       1     489       0    1.43    1.06     .79     .13     .17     .53    38.7    61.1 
       11       00    200112     2.6    35.8    1.91    1.91     .85    1.91       0     962     .36     .17    1.25     .98     .52     .34     .49    27.9    43.8 
       11       00    200201    2.22    33.6     1.9     1.9     .57     1.9       0    1032     .31     .28     .11       1     .71     .41     .57    24.6    42.6 
       11       00    200202    1.83    34.6    1.74    1.74     .09    1.71       0     905     .05     .15     .16     .89     .69     .14     .48    25.5    43.7 
       11       00    200203    3.36    37.8    1.78    1.78     .68    1.78       0     921     .31     .19     .21     1.1     .92      .5     .59    27.9    47.7 
       11       00    200204    5.11    53.5    2.09    2.09    1.47    2.09       2     428     .94      .8     .72     .49    1.24     .95     .86    42.7    64.3 
       11       00    200205    7.34    59.1    3.22    3.22    4.03    3.22      27     292    1.63    1.65    1.52    1.34    1.63    1.39    1.16    48.2    69.9 
       11       00    200206    4.02    73.9     -.1    2.79     -.3    2.61     226      15     .03    1.14     1.3    1.11     1.6    1.44     .79    63.1    84.7 
       11       00    200207     2.6    78.2    -.62    1.98   -1.58     1.1     371       0    -.78    -.52      .6     .82      .7    1.24     .56    67.3    89.1 
       11       00    200208    4.19      75    -.42    1.91      .4    1.16     272       9     .62    -.17    -.17    1.03     .91    1.33     .67    64.4    85.5 
       11       00    200209    2.11    69.3   -1.05    1.03   -2.03    -.51     126      41    -.76    -.15    -.62     .62     .62    1.14     .51    56.5    82.1 
       11       00    200210    3.07    52.1    -.87       1     .21    -.41       1     450     .28     -.4    -.09     .32     .62     .55     .66    42.2      62 
       11       00    200211    1.04    39.6   -1.61   -1.61   -2.48   -1.61       0     816    -1.4    -.73   -1.07    -.86     .27     .27      .4    30.8    48.4 
       11       00    200212    2.17    32.2   -1.89   -1.89   -1.34   -1.89       0    1082       0    -.98    -.64    -.93     .16     .24      .4    23.5    40.8 
       11       00    200301     .65    22.8    -2.4    -2.4    -2.1    -2.4       0    1371   -1.81    -.99   -1.47   -1.04    -.43    -.06     .25    14.3    31.2 
       11       00    200302    1.83    26.4    -2.3    -2.3    -.45    -2.3       0    1143     .05   -1.02    -.95   -1.35   -1.12    -.09     .07      18    34.9 
       11       00    200303    1.98    41.6   -2.59   -2.59   -1.58   -2.59       1     824     -.8    -.71   -1.41   -1.47   -1.44     -.4      .1    30.4    52.8 
       11       00    200304    3.18    53.5    -2.6    -2.6    -.82    -2.6       2     433    -.28    -.78    -.76   -1.61   -1.37    -.73     .13    41.6    65.3 
       11       00    200305     5.5    61.1     .58   -1.75    1.73    -.95      41     240     .79     .37    -.08    -.61   -1.15      -1     .31    50.4    71.7 
       11       00    200306    3.79    67.9     .62   -1.46     .32     -.5     107      62    -.12      .4     .16    -.56    -.89   -1.06      .3    56.8    78.9 
       11       00    200307       5    74.8    1.21    -.66    1.96    1.08     254       6     .92     .44      .7     .09    -.66    -.64     .44    64.1    85.4 
       11       00    200308    2.55    75.3     .81    -.87    -.83     .47     289       7    -.72     .24     .03    -.16    -.52    -.96     .28      64    86.5 
       11       00    200309    4.25    64.1    1.24    1.24    1.53    1.24      56     102      .6     .08     .51     .36    -.24    -.59     .45    52.2    75.9 
       11       00    200310    1.98    54.5     .93     .93    -.52     .53       4     392     -.5     .08    -.31     .26    -.12    -.79    -.07    42.1    66.9 
       11       00    200311    4.51    44.8    1.48    1.48    1.93    1.48       0     671    1.21     .51     .64     .39     .25    -.12     .21    35.7    53.9 
       11       00    200312    2.56    33.8    1.63    1.63     .91    1.63       0    1024     .33     .97     .49     .55     .48     .01     .15    26.2    41.3 
       11       00    200401    1.98    24.7    1.57    1.57     .32    1.57       0    1352     .13     .12     .72     .15     .55     .23     .11    16.6    32.7 
       11       00    200402     .76      30    -.45     .96   -1.36     .18       0    1042   -1.48    -.79    -.57     .12     .03     .01    -.03    21.2    38.9 
       11       00    200403    4.14    45.4    -.13    1.13     .82     .73       2     685     .81     .01    -.04     .24     .39     .36       0    35.7      55 
       11       00    200404     1.8    54.1    -.97    -.97   -2.55    -.97       2     394   -1.43    -.37    -.91    -.13    -.33     .12    -.41    42.2      66 
       11       00    200405    6.83    65.7     .79     .79    2.36     .79      84     162    1.41     .35     .61     .19     .49     .37    -.41    55.2    76.2 
       11       00    200406    3.17      70     .47     .47    -.72     .47     142      42    -.56     .66    -.04    -.11      .1     .26    -.55    59.5    80.4 
       11       00    200407    4.13    72.8     .74     .74     .98     .74     213      11     .37    -.21     .65    -.02     .32     .08    -.38    63.1    82.6 
       11       00    200408    5.08    68.6    1.66    1.66    2.98    1.66     123      53    1.23    1.06     .41     .64      .3     .56    -.25    57.6    79.5 
       11       00    200409     .68    67.7     .57     .57   -2.74    -.88     107      51   -2.77    -.43     -.2    -.26    -.28    -.08    -.39    54.6    80.8 
       11       00    200410    4.84    55.4     1.3     1.3    2.35     .99      10     356    1.26    -.24     .35     .66     .16     .44    -.15    44.9    65.9 
       11       00    200411    4.76    45.6    2.08    2.08    2.74    2.08       0     640    1.35    1.76     .49     .53     .77     .49     .36    37.7    53.4 
       11       00    200412     1.8      31    1.89    1.89     .08    1.86       0    1120    -.35     .76    1.28     .67     .44      .4     .27    22.5    39.6 
       11       00    200501    5.34    29.2    3.24    3.24    4.64    3.24       0    1212    1.86    1.38    1.71    1.43    1.48     .95     .87    21.8    36.5 
       11       00    200502    1.88    36.1     .02    2.93     .05    2.89       0     878     .11    1.66    1.29    1.06     .99    1.15     .87    28.3    43.9 
       11       00    200503    1.56      39    -.62    2.01   -1.85    1.16       0     895   -1.22    -.98      .8    1.53     .96     .68     .77      29    48.9 
       11       00    200504    2.57    55.4   -1.16    1.19   -1.83    -.41       3     350    -.74   -1.37   -1.28     .54     .61     .84     .67    43.4    67.4 
       11       00    200505    1.74    60.9   -1.82   -1.82   -2.34   -1.82      41     240   -1.64   -1.61    -1.9    -.74     -.3    -.08     .21    48.4    73.4 
       11       00    200506    1.87      75   -2.72   -2.72   -3.27   -2.72     287       7   -1.68   -2.05   -1.98   -1.08    -.19    -.32    -.03    63.4    86.6 
       11       00    200507    3.23    76.3   -2.94   -2.94   -1.49   -2.94     318       0    -.27   -1.27   -1.73   -1.97    -.74    -.49    -.28    65.1    87.6 
       11       00    200508    3.68    75.6    -2.9    -2.9     -.8    -2.9     288       7     .24     -.1    -.98   -1.84   -1.14    -.77    -.11    64.8    86.5 
       11       00    200509    3.63    70.7   -2.87   -2.87    -.79   -2.87     164      23     .27     .31     .06    -1.5    -.98    -.22    -.13    58.5    82.9 
       11       00    200510    1.26    55.7   -3.43   -3.43   -2.57   -3.43      11     330   -1.15    -.54    -.39   -1.57      -2     -.9    -.24    44.3    67.1 
       11       00    200511    3.51    44.5   -3.47   -3.47   -1.19   -3.47       0     680     .62    -.35    -.18    -.82   -1.73   -1.12    -.32    34.4    54.6 
       11       00    200512    1.16      26   -4.02   -4.02   -2.71   -4.02       0    1297   -1.12     -.1     -.8    -.59    -1.6   -1.24    -.59    19.1    32.9 
       11       00    200601    2.74    38.1   -3.71   -3.71    -.32   -3.71       1     908     .65    -.25      .1    -.34   -1.27   -1.72    -.48    30.6    45.6 
       11       00    200602     .88    30.9   -3.88   -3.88   -1.65   -3.88       0    1013   -1.26    -.13    -.88     -.7   -1.07   -1.87    -.46    20.7    41.1 
       11       00    200603    4.58    41.8     .62   -2.86    1.86   -2.07       1     801    1.08     .35     .56    -.33    -.33   -1.31    -.45    32.3    51.2 
       11       00    200604    3.79      57    -.21   -2.77    -.62   -2.18      10     322     .14     .76     .29     .15    -.16   -1.12     -.2    44.4    69.7 
       11       00    200605    3.58    62.3    -.37   -2.67    -.54   -2.24      57     198    -.27    -.15     .35    -.19    -.31    -.72    -.54      52    72.6 
       11       00    200606    2.98    71.4    -.71   -2.77   -1.15   -2.71     160      35     -.7    -.68     -.5    -.15    -.61    -.53     -.6    60.2    82.6 
       11       00    200607    4.09    77.1     .08   -2.41     .24   -2.18     337       0     .34    -.31    -.46    -.24    -.21     -.4    -.62    66.6    87.6 
       11       00    200608    4.05    74.7     .26   -1.97     .55   -1.47     264       9     .52     .55    -.05     .11    -.26    -.35    -.74    64.7    84.7 
       11       00    200609    3.43    63.7     .39   -1.61     .47    -.87      44     119     .16     .38     .43    -.21     .06    -.38    -.35    52.9    74.6 
       11       00    200610     3.8    51.3     .89     -.9    1.63     .49       1     480     .72     .48     .58    -.02     .11     .08    -.52    40.4    62.2 
       11       00    200611    3.32    44.4    1.13    1.13     .98    1.13       0     656     .49     .79     .58     .29     .42     .06    -.67    35.2    53.6 
       11       00    200612     3.4    35.3    1.62    1.62    1.82    1.62       0     986     .92     .83       1     .87     .31     .52     -.5      27    43.6 
       11       00    200701    2.93    30.3    1.97    1.97    1.54    1.97       0    1141     .76    1.02     .94     .99     .44     .53    -.82    22.7    37.9 
       11       00    200702    2.31    21.7    2.07    2.07     .93    2.07       0    1307     .55      .8    1.12    1.03     .68     .76    -.76    13.5    29.9 
       11       00    200703    3.21      48    -.26     1.6    -.77    1.18       5     646      .2     .38     .66    1.18    1.07     .49    -.57    37.5    58.5 
       11       00    200704    3.52    50.2    -.21    1.45     .05       1       0     510    -.04     .02      .2     .78     .94     .46    -.45    38.8    61.6 
       11       00    200705    2.24    67.6   -1.13   -1.13   -2.82   -1.13     125     113   -1.22    -.87    -.68     .06     .36     .22    -.33    55.7    79.4 
       11       00    200706    4.13    72.7   -1.14   -1.14    -.39   -1.14     205      18      .1    -.76    -.66     -.2     .34     .42    -.07    61.5    83.9 
       11       00    200707    3.31    73.3   -1.18   -1.18    -.45   -1.18     233       8    -.21    -.14    -.78    -.53     .01     .26    -.09    62.1    84.4 
       11       00    200708    4.36    78.2    -.99    -.99     .18    -.78     330       5     .74     .31      .2    -.45     .07     .33     .02    67.1    89.4 
       11       00    200709    1.59    69.8    -1.8    -1.8   -2.73    -1.8     129      40   -1.27    -.33    -.46    -.89     -.5     .02    -.18    56.5    83.1 
       11       00    200710     3.5    59.9   -1.72   -1.72     -.3   -1.72      31     220     .54    -.44    -.06    -.69    -.52    -.06     .13    48.4    71.3 
       11       00    200711    1.72    42.2   -2.29   -2.29   -2.25   -2.29       0     753    -.73    -.11    -.81    -.47    -.79    -.34    -.08      32    52.3 
       11       00    200712    3.87    30.2     .18   -1.87     .55   -1.56       0    1168    1.21     .34      .5     -.1    -.51     -.2     .21      23    37.4 
       11       00    200801    2.43    26.9     .41   -1.43     .73    -.75       0    1267     .45    1.01     .34     .06    -.44    -.29     .17    17.2    36.6 
       11       00    200802     4.4      26     1.7     1.7    4.01     1.7       0    1182    2.17     1.5    2.01     .54     .45     .05     .63    18.4    33.7 
       11       00    200803    4.53      39    2.23    2.23    2.11    2.23       0     907    1.05    2.09    1.74    1.61     .87     .25     .56    29.5    48.4 
       11       00    200804    4.34    51.4    2.29    2.29     .86    2.29       0     442     .49     .97    1.81    1.59    1.12     .42     .61    40.9      62 
       11       00    200805    5.36      59    2.68    2.68    1.88    2.68      28     279     .72     .74    1.06    1.93    1.09     .94     .81    47.9    70.2 
       11       00    200806    5.49    73.2    2.92    2.92    1.54    2.92     208      19     .88     .96     .95     1.7    1.69    1.19    1.14    62.6    83.8 
       11       00    200807    5.91    74.5    3.66    3.66    3.14    3.66     261       5    1.44    1.46    1.46    2.21    2.06    1.65    1.39    64.1    84.9 
       11       00    200808    1.93    71.8    2.95    2.95   -1.01     2.5     203      19   -1.34      .4     .75    1.28    2.03    1.28    1.12    60.8      83 
       11       00    200809    7.62    67.1    4.47    4.47    5.45    4.47      92      64    1.97    1.14    1.61    1.86     2.4     2.4    1.58    56.4    77.9 
       11       00    200810    2.42    54.2    4.25    4.25     .74    4.25       3     397    -.16    1.46     .81    1.66    2.26    2.23    1.47    42.8    65.7 
       11       00    200811    1.49    41.1    3.83    3.83     .06     3.8       0     760    -.94    -.86      .9    1.07    1.48    2.13     1.2      32    50.1 
       11       00    200812    4.25    26.8    4.43    4.43    2.96    4.43       0    1298    1.43     .41     .16    1.27    1.54    2.06    1.46      17    36.6 
       11       00    200901    1.01    20.6    3.66    3.66    -.92    3.25       0    1502    -.94     .51    -.17     .39    1.24    1.81    1.19    11.9    29.3 
       11       00    200902    2.43    32.5    3.65    3.65    1.09     3.6       0    1000     .66    -.25     .67    1.04     1.2    1.56     1.2    22.8    42.2 
       11       00    200903    4.05    43.6    3.59    3.59     .94    3.59       2     763     .76     .91     .25     .16    1.22    1.58    1.31    32.8    54.3 
       11       00    200904    6.16    51.4    4.22    4.22    3.02    4.22       1     489    1.49    1.52    1.59       1    1.26    1.89    1.65    40.7    62.1 
       11       00    200905    5.65    62.8    4.34    4.34    1.64    4.34      62     190     .87    1.45    1.53    1.61    1.73    1.76    1.84      52    73.5 
       11       00    200906    5.12    72.7    4.28    4.28    1.18    4.28     178      30     .68     .94    1.42    1.24     1.1    1.71    2.04    62.3    83.2 
       11       00    200907    4.59    70.3    4.52    4.52    2.04    4.52     145      28     .67     .81    1.03    1.72    1.35    1.51    2.32    60.8    79.9 
       11       00    200908    4.72    70.9    4.95    4.95    2.68    4.95     169      29     .99    1.11    1.12    2.06    1.97    2.11    2.27    60.7      81 
       11       00    200909    2.28    65.9    4.34    4.34    -.31    4.16      73      82    -.62     .17     .44    1.36    1.27    1.16    2.17    55.4    76.5 
       11       00    200910    8.49    50.1    6.52    6.52     7.9    6.52       0     509    2.74    1.68    1.85     2.2    2.55    2.27    2.65    41.7    58.4 
       11       00    200911    2.48    47.2    6.07    6.07     .66    6.07       0     585     -.1    2.22    1.41    1.75    2.32    2.38    2.47    37.9    56.5 
       11       00    200912    3.98    29.1    6.33    6.33    2.64    6.33       0    1179    1.28     .72    2.29    2.02    2.43    2.18    3.09    22.2      36 
       11       00    201001    1.44    21.5    5.55    5.55    -.37    5.36       0    1392    -.37     .59     .29    1.68    1.93    2.22    3.07    14.8    28.4 
       11       00    201002    1.53    25.7    4.91    4.91    -.22    4.58       0    1114     -.3     -.6     .31    1.33    1.71    2.21    2.67      18    33.5 
       11       00    201003    2.74    43.8    4.12    4.12    -.84    3.44       1     716    -.15    -.39    -.64    1.67    1.51     2.2    2.78    34.1    53.6 
       11       00    201004    3.36    58.7    3.23    3.23   -1.39    2.01      15     274    -.15    -.29    -.44    -.19    1.18    1.56    2.55    46.1    71.4 
       11       00    201005     5.4    64.3    3.28    3.28    1.14    2.44      83     157     .74      .4      .2     .29    1.08    1.38    2.13    53.9    74.7 
       11       00    201006    7.71    74.9    4.24    4.24    3.89    4.24     234      15    1.94    1.72     1.3     .73    1.97    1.82    2.49    64.8      85 
       11       00    201007    5.35    77.6    4.49    4.49    2.06    4.49     358       0    1.12    2.04    1.98    1.26    1.18    2.01    2.59    67.6    87.7 
       11       00    201008    3.18    76.8       4       4    -.06    3.92     328       4    -.16     .74    1.71    1.33    1.23    1.81    2.61    65.6    87.9 
       11       00    201009    3.73    67.2    3.82    3.82     .68    3.82      85      72     .33     .13     .66    1.41     .96     2.1    2.01    55.4    78.9 
       11       00    201010    1.32    56.5    2.89    2.89   -1.62     2.2      13     314   -1.09    -.46    -.52    1.15     .76     .76    1.94    42.4    70.6 
       11       00    201011    3.15    43.7    2.61    2.61     .06     1.9       0     686     .38    -.52    -.25     .97     .87     .89    1.93    32.6    54.7 
       11       00    201012    1.77      24    2.16    2.16    -.53    1.21       0    1354    -.38     .02    -.66    -.06      .8     .52    2.07    16.8    31.1 
       11       00    201101    1.19    22.7    1.71    1.71    -.69     .49       0    1371    -.67    -.89    -.44    -.76     .69     .46    2.05    15.2    30.3 
       11       00    201102    3.24    30.2     2.3     2.3     2.3    1.86       0    1061    1.35     .37    -.08    -.35     .75     .74    2.12      22    38.5 
       11       00    201103    2.72    41.6    1.87    1.87    -.59    1.18       1     827    -.17     .63     .09    -.57     -.1     .73    2.12    32.6    50.6 
       11       00    201104    7.62    53.1    3.18    3.18    4.51    3.18       2     472    2.18    1.57    1.91    1.09     .47    1.56    2.28    42.5    63.7 
       11       00    201105    5.28    62.1     3.3     3.3    1.34     3.3      53     206     .68    1.79    1.47    1.18     .74     1.4    1.89    51.8    72.5 
       11       00    201106    6.69    72.9    3.96    3.96    2.99    3.96     197      22    1.48    1.34     2.1    1.74    1.18    1.24    2.16    62.8    82.9 
       11       00    201107    3.61    79.9    -.13    3.42    -.38    3.22     421       0     .01    1.04     1.1       2    1.46     .93    2.16    69.7    90.2 
       11       00    201108    1.87    74.8     -.8    2.38   -2.07    1.32     262       9    -1.4    -.95     .34    1.35    1.07     .74    1.74    63.2    86.3 
       11       00    201109    3.56    63.6    -.57    2.28     .45    1.37      40     128     .23    -.61    -.56    1.39    1.22     .76     1.8    52.7    74.4 
       11       00    201110     1.8    55.2    -.96     1.6   -1.34     .18       9     351    -.65    -.31    -.94     .19    1.17     .81    1.14    42.5    67.8 
       11       00    201111    5.17    45.8     .52    1.96    1.56     1.1       0     634    1.57     .73     .57     .54    1.33    1.18    1.34    37.2    54.4 
       11       00    201112    3.35    35.9     .92    2.21    1.35    1.75       0     952     .89     1.5     .93     .16    1.57    1.43    1.45    28.4    43.4 
       11       00    201201    1.89    31.9     .89    2.05     .21     1.6       0    1100     .05      .5    1.21      .1     .77    1.51    1.48    22.7      41 
       11       00    201202    1.48    35.8    -.17    1.67    -.52     .99       0     888    -.37     -.3     .19     .47     .48    1.25    1.46    27.1    44.4 
       11       00    201203    2.08    55.5   -1.29   -1.29   -3.41   -1.29      31     387    -.71    -.89    -.79     .19     -.3    1.19     1.4    44.2    66.8 
       11       00    201204    3.13    54.6   -1.51   -1.51   -1.06   -1.51       3     409    -.31    -.76    -.91     .29    -.38     .33    1.33    42.4    66.7 
       11       00    201205    2.47    68.1   -2.24   -2.24   -2.65   -2.24     131     108   -1.04    -.95   -1.16    -.89    -.35    -.16     .88    55.7    80.5 
       11       00    201206    1.73    72.6   -3.06   -3.06   -3.16   -3.06     217      15   -1.82   -1.75   -1.55   -1.69    -.92   -1.06     .17    59.8    85.4 
       11       00    201207     1.4    81.8   -4.36   -4.36   -4.82   -4.36     477       0   -1.97   -2.38   -2.16   -2.11   -1.15   -1.42    -.35    69.2    94.4 
       11       00    201208     3.5    73.6   -4.28   -4.28   -1.13   -4.28     240      13      .1   -1.33   -1.93   -1.91   -1.68    -1.2    -.29    60.3    86.9 
       11       00    201209    5.04    64.9   -3.37   -3.37    1.42   -2.77      58      98     .98     .79    -.18   -1.36   -1.64    -.98    -.06    52.9    76.9 
       11       00    201210    3.93    52.5   -2.62   -2.62    1.19   -1.52       2     436     .79    1.11     .96    -.94   -1.26    -.56     .29    41.9      63 
       11       00    201211    1.21    41.2   -3.07   -3.07   -2.15   -2.73       0     760   -1.22    -.15     .46    -.92   -1.43   -1.28     .07    30.8    51.6 
       11       00    201212    2.25    36.8   -3.15   -3.15   -1.18   -3.15       0     925     .07    -.81    -.15    -.36   -1.21   -1.52     .06      29    44.6 
       11       00    201301    3.81    29.2     .72   -2.11    2.15   -1.17       0    1187    1.22      .9     .04     .66    -.79   -1.08      .4      20    38.4 
       11       00    201302    2.65    29.9    1.12   -1.41    1.43     .11       0    1080     .86    1.35    1.15     .94    -.36    -.87     .33    21.8      38 
       11       00    201303    2.61    34.3       1   -1.27    -.02     .21       0    1022    -.25     .23     .91     .41     .07    -.82     .24    26.4    42.3 
       11       00    201304    6.93    50.2    2.26    2.26     4.1    2.26       0     523    1.87    1.25    1.43    1.02    1.39    -.12     .14    39.3      61 
       11       00    201305    6.57    63.9    2.86    2.86    2.48    2.86      79     162     1.3    1.97    1.61    1.91    1.72     .62     .34    53.1    74.6 
       11       00    201306    5.33    71.5     3.1     3.1     1.6     3.1     164      32     .79    1.32    1.91    1.99    1.62    1.24     .16    61.4    81.6 
       11       00    201307    3.16    73.1    -.02    2.76    -.05    2.68     234       8    -.33     .31     .94    1.54     1.3    1.56     .09    63.2      83 
       11       00    201308    1.44    72.8    -.74    1.76   -2.16     .74     220      15    -1.9   -1.54    -.51     .87    1.24    1.25     .06    61.8    83.8 
       11       00    201309    1.69    68.6   -1.44     .79   -2.35   -1.16     105      56   -1.16   -2.55   -2.08     .56     .91     .68    -.12    56.1    81.1 
       11       00    201310    3.33    54.5    -1.2      .8     .27    -.94       7     382     .44    -.48   -1.28    -.12     .63     .53     .09    43.3    65.7 
       11       00    201311    2.49    38.8   -1.31   -1.31    -.68   -1.31       0     839    -.09      .2    -.52    -.76     .41     .77    -.23    29.1    48.4 
       11       00    201312    2.48    26.2   -1.25   -1.25    -.23   -1.25       0    1295     .26     .05     .21   -1.08      .5     .83    -.43    17.4    35.2 
       11       00    201401    1.72    19.3   -1.12   -1.12    -.01   -1.04       0    1537    -.09    -.07    -.19   -1.06    -.23     .45    -.44     9.2    29.3 
       11       00    201402    2.22    19.4    -.74    -.74      .8    -.08       0    1370     .46     .08     .04    -.49    -.69     .35    -.34     9.9      29 
       11       00    201403    1.46    34.4   -1.19   -1.19   -1.56   -1.19       0    1062   -1.33     -.8    -.82    -.47   -1.36      .1    -.47    23.4    45.3 
       11       00    201404    5.15    52.4     .56     .56    1.68     .56       1     465     .96    -.04     .11     -.2    -.94    -.21    -.22    40.8    64.1 
       11       00    201405    3.29    63.7     .15     .15   -1.07    -.36      67     184    -.46     .27    -.35    -.31     -.6    -.75    -.06    52.9    74.5 
       11       00    201406    6.77      73    1.13    1.13    3.01    1.13     203      20    1.52     .68     .95     .36     .35     -.5     .54    63.2    82.8 
       11       00    201407    3.29    70.3    1.17    1.17     .46    1.17     153      24    -.23     .95     .41     .31     .11     -.5     .77    59.6    80.9 
       11       00    201408    5.19    73.8    1.96    1.96    2.74    1.96     245      12     1.3     .71     1.4     .64     .54     .17       1    64.3    83.3 
       11       00    201409    4.11    64.7    2.36    2.36    1.81    2.36      57     101     .53    1.06     .77     1.2      .7     .66     .91    53.1    76.4 
       11       00    201410    4.33    54.3    3.04    3.04    2.76    3.04       3     402       1     .93    1.32    1.22    1.06     .81       1      44    64.7 
       11       00    201411    1.86    34.6    3.04    3.04     .94    3.04       0     958     -.6     .37      .5    1.24     .78      .7    1.02    25.7    43.6 
       11       00    201412     1.9    33.9    2.77    2.77     .13    2.76       0    1015    -.25    -.62     .13     .51     .98     .63    1.06    27.9    39.8 
       11       00    201501     1.5    25.7    2.39    2.39    -.29    2.19       0    1316    -.31    -.58    -.81     .43     .58     .57     .74    17.6    33.8 
       11       00    201502    1.43    19.4    2.02    2.02    -.37    1.61       0    1369    -.43    -.63    -.85    -.14     .69     .41     .59     9.8    28.9 
       11       00    201503    2.35    38.3    1.57    1.57    -.72     .82       0     916    -.47    -.73    -.89    -.58    -.03     .55     .49    27.7    48.9 
       11       00    201504    3.41    54.3    1.19    1.19    -.66     .14       3     401    -.11    -.47    -.66   -1.13     .04     .24     .02    42.3    66.3 
       11       00    201505    5.39    64.9    1.41    1.41    1.04     .75      85     157     .74     .41     .08    -.41    -.05      .6    -.07    54.5    75.3 
       11       00    201506    9.44    71.7     3.4     3.4    6.41     3.4     159      37    2.64    2.25    1.76    1.03      .9    1.07     .41    62.5      81 
       11       00    201507    5.21    74.2    3.83    3.83    2.32    3.83     236       8    1.04    2.58    2.45    1.54     .87     1.4     .65    64.8    83.6 
       11       00    201508    3.02    71.9    3.55    3.55     .36    3.55     198      20     -.3     .59    2.16    1.64       1    1.07     .87    61.3    82.4 
       11       00    201509    3.42    70.4    3.24    3.24     .16    3.24     153      27     .15    -.08     .46    1.68     1.1     .99     1.1    58.8      82 
       11       00    201510    1.44      56    2.47    2.47   -1.31    1.88      11     335    -.97    -.56    -.66    1.46     .92     .41     .93    44.6    67.5 
       11       00    201511    5.52    46.6    3.14    3.14    2.77    3.14       0     613    1.75     .72     .52    1.84     1.5    1.09    1.19    36.8    56.4 
       11       00    201512    6.67    41.1    4.57    4.57    5.26    4.57       1     794    2.59    2.61    1.93     1.7    2.44    1.85    1.87    33.9    48.3 
       11       00    201601     .86    26.9    3.73    3.73   -1.11    3.25       0    1255   -1.22    1.54    2.08     .99     2.4    1.72    1.73      19    34.8 
       11       00    201602    1.31    33.8    3.13    3.13    -.63    2.37       0     940    -.59   -1.34    1.21    1.04    2.29    1.78     1.6    25.4    42.3 
       11       00    201603    3.35    47.3    2.65    2.65    -.49    1.66       4     637      .3    -.14    -.75    1.23    1.14    2.17    1.95    37.6      57 
       11       00    201604     3.3      53    2.17    2.17    -.61     .95       2     451    -.19    -.02    -.29     1.5     .69    2.05    1.63    41.6    64.4 
       11       00    201605    4.34      62    2.06    2.06     .33     .95      57     198     .18    -.04     .03     .66     .78    1.67    1.56    51.5    72.6 
       11       00    201606    3.13    74.8    1.35    1.35   -1.48    -.24     235      15    -.59     -.3    -.37    -.73     .56     .62    1.19    63.3    86.2 
       11       00    201607     6.9    75.6    2.47    2.47    3.78    2.03     299       0    1.96     .94     .73     .35    1.48     .89    1.68    66.4    84.9 
       11       00    201608    6.77    75.7    3.71    3.71    4.46    3.71     309       5    2.24    2.88    1.89    1.35    1.66    1.64    1.84    66.5    84.8 
       11       00    201609    3.42    70.8     3.5     3.5     .53     3.5     160      24     .15    1.35    2.03    1.21     .74    1.68    1.68    60.1    81.6 
       11       00    201610    2.38    59.9    3.07    3.07    -.21    2.92      25     253    -.19    -.11       1    1.21     .87    1.84    1.52    49.2    70.6 
       11       00    201611    2.59    48.1    2.81    2.81     .18    2.68       0     548    -.02    -.24    -.18    1.15     .92    1.27    1.49    37.7    58.4 
       11       00    201612     1.4    28.9    2.39    2.39    -.39    2.05       0    1208     -.8    -.48     -.6    1.23     .66     .36    1.68    21.8    36.1 
       11       00    201701    2.13    32.1    2.32    2.32     .52    2.12       0    1107     .24    -.49    -.43     .38     .74     .56    1.72    24.9    39.4 
       11       00    201702     .73    41.1    1.38    1.38   -2.11     .28       0     751   -1.54    -.69   -1.19    -.85     .48     .44    1.62    30.2      52 
       11       00    201703    3.56    43.2    1.35    1.35     .33     .37       1     779     .44    -.38    -.26    -.77     .91     .45    1.87    33.5    52.9 
       11       00    201704    6.88    56.5    2.25    2.25    3.13    2.25       5     340    1.84    1.61    1.06     .35     .92    1.15    2.34    45.5    67.4 
       11       00    201705    5.17    61.9    2.44    2.44    1.25    2.44      44     237     .63    1.53    1.46     .67     .38     1.2    1.95    51.3    72.5 
       11       00    201706    3.19    72.7    -.36    1.82   -1.09    1.28     208      17    -.54     .05     .96     .61     .17    1.22     1.3      61    84.5 
       11       00    201707    4.81    76.1     .42    2.05    1.26    1.99     279       5      .8      .1     .35     .84     .44     .85    1.28    65.4    86.8 
       11       00    201708     2.4    70.5    -.27    1.57    -.82    1.08     166      30    -.86     .06    -.33     .86     .26     .09     1.2    59.5    81.6 
       11       00    201709     .83    68.8   -1.35   -1.35    -3.3   -1.35     122      42   -2.39   -2.41   -1.03     .12    -.03    -.38     .91    55.9    81.7 
       11       00    201710       5    58.1    -.62    -.62    1.77     .47      19     272    1.33     -.1    -.52    -.15      .4      .1    1.35      48    68.2 
       11       00    201711    2.26    41.9    -.78    -.78    -.69    -.07       0     777    -.27     .85    -.29     -.5     .51     .06     .94    32.1    51.8 
       11       00    201712     .84    29.8   -1.32   -1.32   -1.85   -1.32       0    1175   -1.65   -1.05     .13    -.68     .11     .01     .24    20.8    38.8 
       11       00    201801     1.3    24.1   -1.48   -1.48     -.9   -1.48       0    1323    -.53   -1.56   -1.21   -1.19     -.7    -.15     .29    14.6    33.5 
       11       00    201802    4.88    31.8    1.57    1.57    4.72    1.57       0    1036    2.47    1.23     .34    -.15    -.36     .56     .76      22    41.5 
       11       00    201803    3.91    39.2    1.83    1.83    1.27    1.83       0     866     .67    2.02     1.3     .94     .03     .61     .78      30    48.4 
       11       00    201804    2.42    44.8    1.46    1.46    -.55    1.13       0     696    -.87    -.18    1.07    -.17    -.49    -.21     .64    33.3    56.2 
       11       00    201805     3.8    70.7     .77     .77   -1.61    -.39     167      83    -.14    -.66    -.26    -.07    -.28    -.42     .57      59    82.4 
       11       00    201806    6.29    74.9    1.38    1.38    2.06    1.13     233      15    1.29      .7     .17     .82     .72     .12     .96    64.6    85.1 
       11       00    201807    3.44      75    1.24    1.24       0     .92     277       4    -.12     .82     .46     .93     .17    -.14     .52    64.7    85.3 
       11       00    201808    4.91    74.7    1.76    1.76    1.94    1.76     282       7    1.12     .65    1.19     .54     .59     .32     .32    64.6    84.8 
       11       00    201809     4.9    70.3    2.15    2.15    1.72    2.15     138      35     .91    1.23     .98     .72    1.24    1.12     .56    59.6    81.1 
       11       00    201810    3.68    54.2    2.48    2.48    1.66    2.48       3     411     .65     .97    1.28    1.23    1.54     .84     .75    43.7    64.6 
       11       00    201811    3.01    35.6    2.89    2.89    1.99    2.89       0     929     .28      .6     .91     1.4     .95     .98     .77    28.5    42.6 
       11       00    201812    3.25    34.4    3.16    3.16    1.69    3.16       0    1012     .83     .64      .8    1.16     .94    1.38    1.04    26.6    42.3 
       11       00    201901    3.31    25.4    3.51    3.51    2.03    3.51       0    1327     .97    1.13     .91    1.59    1.47    1.67    1.17    17.5    33.4 
       11       00    201902    3.21    29.2     3.9     3.9    2.26     3.9       0    1102    1.33    1.38    1.62    1.67    2.06    1.45    1.47    20.8    37.7 
       11       00    201903    4.06    37.4    4.05    4.05    1.65    4.05       0     933     .77    1.32    1.47    1.63     1.9    1.58    1.58    27.9    46.8 
       11       00    201904    4.58    52.5    3.96    3.96     .99    3.96       1     455     .64     .88    1.31    1.63    2.05    1.96    1.21    41.7    63.3 
       11       00    201905    8.16    62.5    5.03    5.03    4.43    5.03      49     228    1.97    1.74     1.8    2.31     2.3    2.47    1.45    52.6    72.3 
       11       00    201906    5.16    70.9    5.01    5.01    1.49    5.01     154      37      .7    1.78    1.67    2.11    2.21    2.31    1.74    60.8      81 
       11       00    201907    3.05    77.3    4.25    4.25    -.72    3.92     357       0    -.41     .19    1.35    1.78       2    2.34    1.58    67.2    87.5 
       11       00    201908    4.05    72.8    4.15    4.15    1.02    4.15     216      16     .52       0     .37     1.7    2.16    2.28    1.76    62.4    83.2 
       11       00    201909       5    71.6    4.24    4.24    1.53    4.24     156      28     .96     .97     .61    1.71    2.14     2.3     2.1    61.1      82 
       11       00    201910    5.01    53.7    4.84    4.84    3.13    4.84       3     410    1.34    1.45    1.44    2.09    2.32    2.58    2.13    43.1    64.3 
       11       00    201911     2.4    36.2    4.83    4.83    1.47    4.83       0     923    -.16     .91    1.16    1.02    1.93    2.39    1.97    27.3      45 
       11       00    201912    1.88    35.6    4.34    4.34     .01    4.29       0     970    -.27    -.32     .58     .69    1.63    2.01    2.57    26.5    44.8 
